Compare,Bi,Conv,GRU_Att_1,GRU_Att_2,GRU_Att_3,GRU_Att_4,GRU_Linear,GRU_Reference,GRU_Third,GRU_Twice,LSTM_Linear,LSTM_Reference,LSTM_Third,LSTM_Twice,RNN_Linear,RNN_Reference,RNN_Third,RNN_Twice,UniTS
Bi,1.0,0.325391948223114,5.960464477539064e-08,5.960464477539064e-08,5.960464477539064e-08,5.960464477539064e-08,0.0001029968261718,0.0011548399925231,0.0007149577140808,0.0010271072387695,4.172325134277344e-06,8.165836334228516e-06,0.0001398921012878,5.960464477539064e-08,1.1920928955078125e-07,5.960464477539064e-08,1.1920928955078125e-07,5.960464477539064e-08,1.788139343261719e-07
Conv,0.325391948223114,1.0,5.960464477539064e-08,5.960464477539064e-08,5.960464477539064e-08,5.960464477539064e-08,5.3882598876953125e-05,0.0011548399925231,0.0034192204475402,0.0007149577140808,0.0001398921012878,0.0003764033317565,6.365776062011719e-05,5.960464477539064e-08,5.960464477539064e-08,5.960464477539064e-08,4.172325134277344e-07,5.960464477539064e-08,2.980232238769531e-07
GRU_Att_1,5.960464477539064e-08,5.960464477539064e-08,1.0,0.0173123478889465,0.3387878537178039,0.0055788159370422,5.960464477539064e-08,5.960464477539064e-08,5.960464477539064e-08,5.960464477539064e-08,5.960464477539064e-08,5.960464477539064e-08,5.960464477539064e-08,5.960464477539064e-08,5.960464477539064e-08,5.960464477539064e-08,5.960464477539064e-08,5.960464477539064e-08,0.6528410911560059
GRU_Att_2,5.960464477539064e-08,5.960464477539064e-08,0.0173123478889465,1.0,0.0002169013023376,8.165836334228516e-06,5.960464477539064e-08,5.960464477539064e-08,5.960464477539064e-08,5.960464477539064e-08,5.960464477539064e-08,5.960464477539064e-08,5.960464477539064e-08,5.960464477539064e-08,5.960464477539064e-08,5.960464477539064e-08,5.960464477539064e-08,5.960464477539064e-08,0.0801958441734314
GRU_Att_3,5.960464477539064e-08,5.960464477539064e-08,0.3387878537178039,0.0002169013023376,1.0,0.0709836483001709,5.960464477539064e-08,5.960464477539064e-08,5.960464477539064e-08,5.960464477539064e-08,5.960464477539064e-08,5.960464477539064e-08,5.960464477539064e-08,5.960464477539064e-08,5.960464477539064e-08,5.960464477539064e-08,5.960464477539064e-08,5.960464477539064e-08,0.2996123433113098
GRU_Att_4,5.960464477539064e-08,5.960464477539064e-08,0.0055788159370422,8.165836334228516e-06,0.0709836483001709,1.0,5.960464477539064e-08,5.960464477539064e-08,5.960464477539064e-08,5.960464477539064e-08,5.960464477539064e-08,5.960464477539064e-08,5.960464477539064e-08,5.960464477539064e-08,5.960464477539064e-08,5.960464477539064e-08,5.960464477539064e-08,5.960464477539064e-08,0.0009118914604187
GRU_Linear,0.0001029968261718,5.3882598876953125e-05,5.960464477539064e-08,5.960464477539064e-08,5.960464477539064e-08,5.960464477539064e-08,1.0,0.978915274143219,0.7711594104766846,0.1729585528373718,0.0482624173164367,0.2634761333465576,0.4418373703956604,4.172325134277344e-06,1.96695327758789e-06,4.172325134277344e-07,1.829862594604492e-05,5.960464477539064e-08,5.960464477539064e-08
GRU_Reference,0.0011548399925231,0.0011548399925231,5.960464477539064e-08,5.960464477539064e-08,5.960464477539064e-08,5.960464477539064e-08,0.978915274143219,1.0,0.8531995415687561,0.1409152150154113,0.1336400508880615,0.2996123433113098,0.2872292995452881,1.233816146850586e-05,5.960464477539062e-07,5.960464477539064e-08,3.1948089599609375e-05,1.1920928955078125e-07,5.960464477539064e-08
GRU_Third,0.0007149577140808,0.0034192204475402,5.960464477539064e-08,5.960464477539064e-08,5.960464477539064e-08,5.960464477539064e-08,0.7711594104766846,0.8531995415687561,1.0,0.4907859563827514,0.0851390361785888,0.5249125957489014,0.5601714849472046,5.3882598876953125e-05,2.562999725341797e-06,3.2782554626464844e-06,0.0002498030662536,5.960464477539064e-08,5.960464477539064e-08
GRU_Twice,0.0010271072387695,0.0007149577140808,5.960464477539064e-08,5.960464477539064e-08,5.960464477539064e-08,5.960464477539064e-08,0.1729585528373718,0.1409152150154113,0.4907859563827514,1.0,0.0173123478889465,0.1134914755821228,0.0587515234947204,2.980232238769531e-07,2.980232238769531e-07,2.980232238769531e-07,4.172325134277344e-06,5.960464477539064e-08,1.1920928955078125e-07
LSTM_Linear,4.172325134277344e-06,0.0001398921012878,5.960464477539064e-08,5.960464477539064e-08,5.960464477539064e-08,5.960464477539064e-08,0.0482624173164367,0.1336400508880615,0.0851390361785888,0.0173123478889465,1.0,0.7309892177581787,0.5424043536186218,0.0135546922683715,1.5079975128173828e-05,6.556510925292969e-06,0.0030878782272338,4.172325134277344e-07,5.960464477539064e-08
LSTM_Reference,8.165836334228516e-06,0.0003764033317565,5.960464477539064e-08,5.960464477539064e-08,5.960464477539064e-08,5.960464477539064e-08,0.2634761333465576,0.2996123433113098,0.5249125957489014,0.1134914755821228,0.7309892177581787,1.0,0.8948604464530945,0.0096350312232971,0.0004296898841857,6.365776062011719e-05,0.0067255496978759,6.365776062011719e-05,5.960464477539064e-08
LSTM_Third,0.0001398921012878,6.365776062011719e-05,5.960464477539064e-08,5.960464477539064e-08,5.960464477539064e-08,5.960464477539064e-08,0.4418373703956604,0.2872292995452881,0.5601714849472046,0.0587515234947204,0.5424043536186218,0.8948604464530945,1.0,0.0006313323974609,1.96695327758789e-06,4.172325134277344e-07,0.0061292052268981,1.1920928955078125e-07,5.960464477539064e-08
LSTM_Twice,5.960464477539064e-08,5.960464477539064e-08,5.960464477539064e-08,5.960464477539064e-08,5.960464477539064e-08,5.960464477539064e-08,4.172325134277344e-06,1.233816146850586e-05,5.3882598876953125e-05,2.980232238769531e-07,0.0135546922683715,0.0096350312232971,0.0006313323974609,1.0,7.49826431274414e-05,0.0004894733428955,0.312333345413208,1.132488250732422e-06,5.960464477539064e-08
RNN_Linear,1.1920928955078125e-07,5.960464477539064e-08,5.960464477539064e-08,5.960464477539064e-08,5.960464477539064e-08,5.960464477539064e-08,1.96695327758789e-06,5.960464477539062e-07,2.562999725341797e-06,2.980232238769531e-07,1.5079975128173828e-05,0.0004296898841857,1.96695327758789e-06,7.49826431274414e-05,1.0,0.9578450322151184,0.0041751861572265,0.0202749371528625,5.960464477539064e-08
RNN_Reference,5.960464477539064e-08,5.960464477539064e-08,5.960464477539064e-08,5.960464477539064e-08,5.960464477539064e-08,5.960464477539064e-08,4.172325134277344e-07,5.960464477539064e-08,3.2782554626464844e-06,2.980232238769531e-07,6.556510925292969e-06,6.365776062011719e-05,4.172325134277344e-07,0.0004894733428955,0.9578450322151184,1.0,0.0147220492362976,0.0004296898841857,5.960464477539064e-08
RNN_Third,1.1920928955078125e-07,4.172325134277344e-07,5.960464477539064e-08,5.960464477539064e-08,5.960464477539064e-08,5.960464477539064e-08,1.829862594604492e-05,3.1948089599609375e-05,0.0002498030662536,4.172325134277344e-06,0.0030878782272338,0.0067255496978759,0.0061292052268981,0.312333345413208,0.0041751861572265,0.0147220492362976,1.0,2.664327621459961e-05,5.960464477539064e-08
RNN_Twice,5.960464477539064e-08,5.960464477539064e-08,5.960464477539064e-08,5.960464477539064e-08,5.960464477539064e-08,5.960464477539064e-08,5.960464477539064e-08,1.1920928955078125e-07,5.960464477539064e-08,5.960464477539064e-08,4.172325134277344e-07,6.365776062011719e-05,1.1920928955078125e-07,1.132488250732422e-06,0.0202749371528625,0.0004296898841857,2.664327621459961e-05,1.0,5.960464477539064e-08
UniTS,1.788139343261719e-07,2.980232238769531e-07,0.6528410911560059,0.0801958441734314,0.2996123433113098,0.0009118914604187,5.960464477539064e-08,5.960464477539064e-08,5.960464477539064e-08,1.1920928955078125e-07,5.960464477539064e-08,5.960464477539064e-08,5.960464477539064e-08,5.960464477539064e-08,5.960464477539064e-08,5.960464477539064e-08,5.960464477539064e-08,5.960464477539064e-08,1.0
