Compare,Bi,Conv,GRU_Att_1,GRU_Att_2,GRU_Att_3,GRU_Att_4,GRU_Linear,GRU_Reference,GRU_Third,GRU_Twice,LSTM_Linear,LSTM_Reference,LSTM_Third,LSTM_Twice,RNN_Linear,RNN_Reference,RNN_Third,RNN_Twice,UniTS
Bi,1.0,0.1134914755821228,5.960464477539064e-08,5.960464477539064e-08,5.960464477539064e-08,5.960464477539064e-08,0.0096350312232971,0.0001623034477233,0.0003764033317565,5.960464477539062e-07,0.0002169013023376,2.211332321166992e-05,0.000187873840332,5.960464477539062e-07,5.960464477539062e-07,4.172325134277344e-06,3.2782554626464844e-06,5.960464477539064e-08,5.960464477539064e-08
Conv,0.1134914755821228,1.0,5.960464477539064e-08,5.960464477539064e-08,5.960464477539064e-08,5.960464477539064e-08,0.0550704598426818,0.0147220492362976,0.0135546922683715,5.3882598876953125e-05,0.0050716400146484,0.0014527440071105,0.0037809014320373,2.664327621459961e-05,8.344650268554688e-07,0.0001623034477233,8.803606033325195e-05,5.960464477539064e-08,5.960464477539064e-08
GRU_Att_1,5.960464477539064e-08,5.960464477539064e-08,1.0,0.0341737866401672,0.1484795808792114,0.0626264214515686,5.960464477539064e-08,5.960464477539064e-08,5.960464477539064e-08,5.960464477539064e-08,5.960464477539064e-08,5.960464477539064e-08,5.960464477539064e-08,5.960464477539064e-08,5.960464477539064e-08,5.960464477539064e-08,5.960464477539064e-08,5.960464477539064e-08,0.0004296898841857
GRU_Att_2,5.960464477539064e-08,5.960464477539064e-08,0.0341737866401672,1.0,0.615043044090271,3.1948089599609375e-05,5.960464477539064e-08,5.960464477539064e-08,5.960464477539064e-08,5.960464477539064e-08,5.960464477539064e-08,5.960464477539064e-08,5.960464477539064e-08,5.960464477539064e-08,5.960464477539064e-08,5.960464477539064e-08,5.960464477539064e-08,5.960464477539064e-08,1.5079975128173828e-05
GRU_Att_3,5.960464477539064e-08,5.960464477539064e-08,0.1484795808792114,0.615043044090271,1.0,1.829862594604492e-05,5.960464477539064e-08,5.960464477539064e-08,5.960464477539064e-08,5.960464477539064e-08,5.960464477539064e-08,5.960464477539064e-08,5.960464477539064e-08,5.960464477539064e-08,5.960464477539064e-08,5.960464477539064e-08,5.960464477539064e-08,5.960464477539064e-08,3.1948089599609375e-05
GRU_Att_4,5.960464477539064e-08,5.960464477539064e-08,0.0626264214515686,3.1948089599609375e-05,1.829862594604492e-05,1.0,5.960464477539064e-08,5.960464477539064e-08,5.960464477539064e-08,5.960464477539064e-08,5.960464477539064e-08,5.960464477539064e-08,5.960464477539064e-08,5.960464477539064e-08,5.960464477539064e-08,5.960464477539064e-08,5.960464477539064e-08,5.960464477539064e-08,0.0515762567520141
GRU_Linear,0.0096350312232971,0.0550704598426818,5.960464477539064e-08,5.960464477539064e-08,5.960464477539064e-08,5.960464477539064e-08,1.0,0.457846462726593,0.5249125957489014,0.2303613424301147,0.615043044090271,0.312333345413208,0.2751842737197876,0.0515762567520141,3.814697265625e-05,0.0295784473419189,0.0030878782272338,5.960464477539064e-08,5.960464477539064e-08
GRU_Reference,0.0001623034477233,0.0147220492362976,5.960464477539064e-08,5.960464477539064e-08,5.960464477539064e-08,5.960464477539064e-08,0.457846462726593,1.0,0.7711594104766846,0.3809836506843567,0.978915274143219,0.3387878537178039,0.4907859563827514,0.0957334637641906,0.0002870559692382,0.0393387079238891,0.1563382148742675,5.960464477539064e-08,5.960464477539064e-08
GRU_Third,0.0003764033317565,0.0135546922683715,5.960464477539064e-08,5.960464477539064e-08,5.960464477539064e-08,5.960464477539064e-08,0.5249125957489014,0.7711594104766846,1.0,0.4261419773101806,0.8531995415687561,0.2751842737197876,0.4261419773101806,0.0421501994132995,6.365776062011719e-05,0.0147220492362976,0.0236499309539794,1.132488250732422e-06,5.960464477539064e-08
GRU_Twice,5.960464477539062e-07,5.3882598876953125e-05,5.960464477539064e-08,5.960464477539064e-08,5.960464477539064e-08,5.960464477539064e-08,0.2303613424301147,0.3809836506843567,0.4261419773101806,1.0,0.1336400508880615,0.978915274143219,0.7711594104766846,0.1484795808792114,0.0014527440071105,0.1908142566680908,0.2521039247512817,5.960464477539064e-08,5.960464477539064e-08
LSTM_Linear,0.0002169013023376,0.0050716400146484,5.960464477539064e-08,5.960464477539064e-08,5.960464477539064e-08,5.960464477539064e-08,0.615043044090271,0.978915274143219,0.8531995415687561,0.1336400508880615,1.0,0.2634761333465576,0.325391948223114,0.0274794101715087,0.0008081197738647,0.0801958441734314,0.0550704598426818,5.960464477539064e-08,5.960464477539064e-08
LSTM_Reference,2.211332321166992e-05,0.0014527440071105,5.960464477539064e-08,5.960464477539064e-08,5.960464477539064e-08,5.960464477539064e-08,0.312333345413208,0.3387878537178039,0.2751842737197876,0.978915274143219,0.2634761333465576,1.0,0.8325093984603882,0.2521039247512817,0.0001029968261718,0.3387878537178039,0.1729585528373718,1.788139343261719e-07,5.960464477539064e-08
LSTM_Third,0.000187873840332,0.0037809014320373,5.960464477539064e-08,5.960464477539064e-08,5.960464477539064e-08,5.960464477539064e-08,0.2751842737197876,0.4907859563827514,0.4261419773101806,0.7711594104766846,0.325391948223114,0.8325093984603882,1.0,0.3809836506843567,0.0001202225685119,0.2872292995452881,0.3525196313858032,2.980232238769531e-07,5.960464477539064e-08
LSTM_Twice,5.960464477539062e-07,2.664327621459961e-05,5.960464477539064e-08,5.960464477539064e-08,5.960464477539064e-08,5.960464477539064e-08,0.0515762567520141,0.0957334637641906,0.0421501994132995,0.1484795808792114,0.0274794101715087,0.2521039247512817,0.3809836506843567,1.0,0.0025079250335693,0.7509929537773132,1.0,1.4901161193847656e-06,5.960464477539064e-08
RNN_Linear,5.960464477539062e-07,8.344650268554688e-07,5.960464477539064e-08,5.960464477539064e-08,5.960464477539064e-08,5.960464477539064e-08,3.814697265625e-05,0.0002870559692382,6.365776062011719e-05,0.0014527440071105,0.0008081197738647,0.0001029968261718,0.0001202225685119,0.0025079250335693,1.0,0.0135546922683715,0.0061292052268981,8.803606033325195e-05,5.960464477539064e-08
RNN_Reference,4.172325134277344e-06,0.0001623034477233,5.960464477539064e-08,5.960464477539064e-08,5.960464477539064e-08,5.960464477539064e-08,0.0295784473419189,0.0393387079238891,0.0147220492362976,0.1908142566680908,0.0801958441734314,0.3387878537178039,0.2872292995452881,0.7509929537773132,0.0135546922683715,1.0,0.7509929537773132,2.562999725341797e-06,5.960464477539064e-08
RNN_Third,3.2782554626464844e-06,8.803606033325195e-05,5.960464477539064e-08,5.960464477539064e-08,5.960464477539064e-08,5.960464477539064e-08,0.0030878782272338,0.1563382148742675,0.0236499309539794,0.2521039247512817,0.0550704598426818,0.1729585528373718,0.3525196313858032,1.0,0.0061292052268981,0.7509929537773132,1.0,1.788139343261719e-07,5.960464477539064e-08
RNN_Twice,5.960464477539064e-08,5.960464477539064e-08,5.960464477539064e-08,5.960464477539064e-08,5.960464477539064e-08,5.960464477539064e-08,5.960464477539064e-08,5.960464477539064e-08,1.132488250732422e-06,5.960464477539064e-08,5.960464477539064e-08,1.788139343261719e-07,2.980232238769531e-07,1.4901161193847656e-06,8.803606033325195e-05,2.562999725341797e-06,1.788139343261719e-07,1.0,5.960464477539064e-08
UniTS,5.960464477539064e-08,5.960464477539064e-08,0.0004296898841857,1.5079975128173828e-05,3.1948089599609375e-05,0.0515762567520141,5.960464477539064e-08,5.960464477539064e-08,5.960464477539064e-08,5.960464477539064e-08,5.960464477539064e-08,5.960464477539064e-08,5.960464477539064e-08,5.960464477539064e-08,5.960464477539064e-08,5.960464477539064e-08,5.960464477539064e-08,5.960464477539064e-08,1.0
