Compare,Bi,Conv,GRU_Att_1,GRU_Att_2,GRU_Att_3,GRU_Att_4,GRU_Linear,GRU_Reference,GRU_Third,GRU_Twice,LSTM_Linear,LSTM_Reference,LSTM_Third,LSTM_Twice,RNN_Linear,RNN_Reference,RNN_Third,RNN_Twice,UniTS
Bi,1.0,125.0,0.0,0.0,0.0,0.0,29.0,47.0,43.0,46.0,12.0,15.0,31.0,0.0,1.0,0.0,1.0,0.0,2.0
Conv,125.0,1.0,0.0,0.0,0.0,0.0,25.0,47.0,57.0,43.0,31.0,38.0,26.0,0.0,0.0,0.0,4.0,0.0,3.0
GRU_Att_1,0.0,0.0,1.0,75.0,126.0,62.0,0.0,0.0,0.0,0.0,0.0,0.0,0.0,0.0,0.0,0.0,0.0,0.0,145.0
GRU_Att_2,0.0,0.0,75.0,1.0,34.0,15.0,0.0,0.0,0.0,0.0,0.0,0.0,0.0,0.0,0.0,0.0,0.0,0.0,97.0
GRU_Att_3,0.0,0.0,126.0,34.0,1.0,95.0,0.0,0.0,0.0,0.0,0.0,0.0,0.0,0.0,0.0,0.0,0.0,0.0,123.0
GRU_Att_4,0.0,0.0,62.0,15.0,95.0,1.0,0.0,0.0,0.0,0.0,0.0,0.0,0.0,0.0,0.0,0.0,0.0,0.0,45.0
GRU_Linear,29.0,25.0,0.0,0.0,0.0,0.0,1.0,161.0,151.0,111.0,89.0,120.0,133.0,12.0,9.0,4.0,19.0,0.0,0.0
GRU_Reference,47.0,47.0,0.0,0.0,0.0,0.0,161.0,1.0,155.0,107.0,106.0,123.0,122.0,17.0,5.0,0.0,22.0,1.0,0.0
GRU_Third,43.0,57.0,0.0,0.0,0.0,0.0,151.0,155.0,1.0,136.0,98.0,138.0,140.0,25.0,10.0,11.0,35.0,0.0,0.0
GRU_Twice,46.0,43.0,0.0,0.0,0.0,0.0,111.0,107.0,136.0,1.0,75.0,103.0,92.0,3.0,3.0,3.0,12.0,0.0,1.0
LSTM_Linear,12.0,31.0,0.0,0.0,0.0,0.0,89.0,106.0,98.0,75.0,1.0,149.0,139.0,72.0,18.0,14.0,56.0,4.0,0.0
LSTM_Reference,15.0,38.0,0.0,0.0,0.0,0.0,120.0,123.0,138.0,103.0,149.0,1.0,157.0,68.0,39.0,26.0,64.0,26.0,0.0
LSTM_Third,31.0,26.0,0.0,0.0,0.0,0.0,133.0,122.0,140.0,92.0,139.0,157.0,1.0,42.0,9.0,4.0,63.0,1.0,0.0
LSTM_Twice,0.0,0.0,0.0,0.0,0.0,0.0,12.0,17.0,25.0,3.0,72.0,68.0,42.0,1.0,27.0,40.0,124.0,7.0,0.0
RNN_Linear,1.0,0.0,0.0,0.0,0.0,0.0,9.0,5.0,10.0,3.0,18.0,39.0,9.0,27.0,1.0,160.0,59.0,77.0,0.0
RNN_Reference,0.0,0.0,0.0,0.0,0.0,0.0,4.0,0.0,11.0,3.0,14.0,26.0,4.0,40.0,160.0,1.0,73.0,39.0,0.0
RNN_Third,1.0,4.0,0.0,0.0,0.0,0.0,19.0,22.0,35.0,12.0,56.0,64.0,63.0,124.0,59.0,73.0,1.0,21.0,0.0
RNN_Twice,0.0,0.0,0.0,0.0,0.0,0.0,0.0,1.0,0.0,0.0,4.0,26.0,1.0,7.0,77.0,39.0,21.0,1.0,0.0
UniTS,2.0,3.0,145.0,97.0,123.0,45.0,0.0,0.0,0.0,1.0,0.0,0.0,0.0,0.0,0.0,0.0,0.0,0.0,1.0
