Compare,Bi,Conv,GRU_Att_1,GRU_Att_2,GRU_Att_3,GRU_Att_4,GRU_Linear,GRU_Reference,GRU_Third,GRU_Twice,LSTM_Linear,LSTM_Reference,LSTM_Third,LSTM_Twice,RNN_Linear,RNN_Reference,RNN_Third,RNN_Twice,UniTS
Bi,1.0,4.0,2.0,57.0,45.0,10.0,4.0,9.0,15.0,15.0,28.0,8.0,5.0,2.0,25.0,0.0,0.0,1.0,0.0
Conv,4.0,1.0,93.0,124.0,109.0,94.0,56.0,65.0,72.0,71.0,116.0,86.0,93.0,49.0,80.0,63.0,45.0,59.0,0.0
GRU_Att_1,2.0,93.0,1.0,152.0,152.0,148.0,80.0,119.0,112.0,106.0,161.0,118.0,131.0,68.0,126.0,93.0,73.0,70.0,0.0
GRU_Att_2,57.0,124.0,152.0,1.0,154.0,146.0,114.0,134.0,138.0,116.0,158.0,136.0,128.0,110.0,152.0,123.0,100.0,117.0,0.0
GRU_Att_3,45.0,109.0,152.0,154.0,1.0,159.0,117.0,136.0,155.0,140.0,149.0,154.0,146.0,119.0,162.0,133.0,117.0,124.0,0.0
GRU_Att_4,10.0,94.0,148.0,146.0,159.0,1.0,123.0,148.0,145.0,141.0,152.0,149.0,149.0,104.0,149.0,129.0,91.0,111.0,0.0
GRU_Linear,4.0,56.0,80.0,114.0,117.0,123.0,1.0,99.0,109.0,133.0,94.0,113.0,117.0,156.0,131.0,134.0,144.0,160.0,0.0
GRU_Reference,9.0,65.0,119.0,134.0,136.0,148.0,99.0,1.0,156.0,144.0,134.0,158.0,143.0,110.0,151.0,109.0,115.0,123.0,0.0
GRU_Third,15.0,72.0,112.0,138.0,155.0,145.0,109.0,156.0,1.0,134.0,140.0,154.0,155.0,114.0,157.0,142.0,145.0,139.0,0.0
GRU_Twice,15.0,71.0,106.0,116.0,140.0,141.0,133.0,144.0,134.0,1.0,107.0,120.0,150.0,129.0,141.0,162.0,125.0,136.0,0.0
LSTM_Linear,28.0,116.0,161.0,158.0,149.0,152.0,94.0,134.0,140.0,107.0,1.0,151.0,112.0,83.0,135.0,84.0,88.0,103.0,0.0
LSTM_Reference,8.0,86.0,118.0,136.0,154.0,149.0,113.0,158.0,154.0,120.0,151.0,1.0,154.0,84.0,143.0,136.0,83.0,108.0,0.0
LSTM_Third,5.0,93.0,131.0,128.0,146.0,149.0,117.0,143.0,155.0,150.0,112.0,154.0,1.0,121.0,156.0,141.0,120.0,111.0,0.0
LSTM_Twice,2.0,49.0,68.0,110.0,119.0,104.0,156.0,110.0,114.0,129.0,83.0,84.0,121.0,1.0,109.0,136.0,162.0,160.0,0.0
RNN_Linear,25.0,80.0,126.0,152.0,162.0,149.0,131.0,151.0,157.0,141.0,135.0,143.0,156.0,109.0,1.0,157.0,127.0,121.0,0.0
RNN_Reference,0.0,63.0,93.0,123.0,133.0,129.0,134.0,109.0,142.0,162.0,84.0,136.0,141.0,136.0,157.0,1.0,142.0,139.0,0.0
RNN_Third,0.0,45.0,73.0,100.0,117.0,91.0,144.0,115.0,145.0,125.0,88.0,83.0,120.0,162.0,127.0,142.0,1.0,142.0,0.0
RNN_Twice,1.0,59.0,70.0,117.0,124.0,111.0,160.0,123.0,139.0,136.0,103.0,108.0,111.0,160.0,121.0,139.0,142.0,1.0,0.0
UniTS,0.0,0.0,0.0,0.0,0.0,0.0,0.0,0.0,0.0,0.0,0.0,0.0,0.0,0.0,0.0,0.0,0.0,0.0,1.0
