Compare,Bi,Conv,GRU_Att_1,GRU_Att_2,GRU_Att_3,GRU_Att_4,GRU_Linear,GRU_Reference,GRU_Third,GRU_Twice,LSTM_Linear,LSTM_Reference,LSTM_Third,LSTM_Twice,RNN_Linear,RNN_Reference,RNN_Third,RNN_Twice,UniTS
Bi,1.0,1.788139343261719e-07,0.0114533305168151,3.2782554626464844e-06,5.960464477539064e-08,5.960464477539062e-07,0.0002498030662536,5.960464477539064e-08,5.960464477539064e-08,5.960464477539064e-08,0.000187873840332,5.960464477539064e-08,5.960464477539064e-08,5.960464477539064e-08,0.0011548399925231,5.960464477539064e-08,5.960464477539064e-08,5.960464477539064e-08,0.0027848482131958
Conv,1.788139343261719e-07,1.0,0.0027848482131958,2.562999725341797e-06,5.960464477539064e-08,2.980232238769531e-07,0.0001029968261718,5.960464477539064e-08,5.960464477539064e-08,5.960464477539064e-08,0.0001398921012878,5.960464477539064e-08,5.960464477539064e-08,5.960464477539064e-08,0.0008081197738647,5.960464477539064e-08,5.960464477539064e-08,5.960464477539064e-08,0.0073709487915039
GRU_Att_1,0.0114533305168151,0.0027848482131958,1.0,1.0073184967041016e-05,5.960464477539064e-08,5.960464477539064e-08,3.1948089599609375e-05,5.960464477539064e-08,5.960464477539064e-08,5.960464477539064e-08,0.0001202225685119,5.960464477539064e-08,5.960464477539064e-08,5.960464477539064e-08,0.0851390361785888,5.960464477539064e-08,5.960464477539064e-08,5.960464477539064e-08,5.960464477539064e-08
GRU_Att_2,3.2782554626464844e-06,2.562999725341797e-06,1.0073184967041016e-05,1.0,0.0001623034477233,8.803606033325195e-05,0.0173123478889465,5.960464477539064e-08,5.960464477539064e-08,5.960464477539064e-08,0.0016253590583801,5.960464477539064e-08,5.960464477539064e-08,5.960464477539064e-08,0.000187873840332,5.960464477539064e-08,5.960464477539064e-08,5.960464477539064e-08,5.960464477539064e-08
GRU_Att_3,5.960464477539064e-08,5.960464477539064e-08,5.960464477539064e-08,0.0001623034477233,1.0,0.2303613424301147,5.960464477539064e-08,5.960464477539064e-08,5.960464477539064e-08,5.960464477539064e-08,5.960464477539064e-08,5.960464477539064e-08,5.960464477539064e-08,5.960464477539064e-08,5.960464477539064e-08,5.960464477539064e-08,5.960464477539064e-08,5.960464477539064e-08,5.960464477539064e-08
GRU_Att_4,5.960464477539062e-07,2.980232238769531e-07,5.960464477539064e-08,8.803606033325195e-05,0.2303613424301147,1.0,5.960464477539064e-08,5.960464477539064e-08,5.960464477539064e-08,5.960464477539064e-08,5.960464477539064e-08,5.960464477539064e-08,5.960464477539064e-08,5.960464477539064e-08,5.960464477539064e-08,5.960464477539064e-08,5.960464477539064e-08,5.960464477539064e-08,5.960464477539064e-08
GRU_Linear,0.0002498030662536,0.0001029968261718,3.1948089599609375e-05,0.0173123478889465,5.960464477539064e-08,5.960464477539064e-08,1.0,5.960464477539064e-08,5.960464477539064e-08,5.960464477539064e-08,0.2410664558410644,5.960464477539064e-08,5.960464477539064e-08,5.960464477539064e-08,0.0004894733428955,5.960464477539064e-08,5.960464477539064e-08,5.960464477539064e-08,5.960464477539064e-08
GRU_Reference,5.960464477539064e-08,5.960464477539064e-08,5.960464477539064e-08,5.960464477539064e-08,5.960464477539064e-08,5.960464477539064e-08,5.960464477539064e-08,1.0,1.0,1.0,5.960464477539064e-08,1.0,1.0,1.0,5.960464477539064e-08,1.0,1.0,1.0,5.960464477539064e-08
GRU_Third,5.960464477539064e-08,5.960464477539064e-08,5.960464477539064e-08,5.960464477539064e-08,5.960464477539064e-08,5.960464477539064e-08,5.960464477539064e-08,1.0,1.0,1.0,5.960464477539064e-08,1.0,1.0,1.0,5.960464477539064e-08,1.0,1.0,1.0,5.960464477539064e-08
GRU_Twice,5.960464477539064e-08,5.960464477539064e-08,5.960464477539064e-08,5.960464477539064e-08,5.960464477539064e-08,5.960464477539064e-08,5.960464477539064e-08,1.0,1.0,1.0,5.960464477539064e-08,1.0,1.0,1.0,5.960464477539064e-08,1.0,1.0,1.0,5.960464477539064e-08
LSTM_Linear,0.000187873840332,0.0001398921012878,0.0001202225685119,0.0016253590583801,5.960464477539064e-08,5.960464477539064e-08,0.2410664558410644,5.960464477539064e-08,5.960464477539064e-08,5.960464477539064e-08,1.0,5.960464477539064e-08,5.960464477539064e-08,5.960464477539064e-08,0.0105108022689819,5.960464477539064e-08,5.960464477539064e-08,5.960464477539064e-08,5.960464477539064e-08
LSTM_Reference,5.960464477539064e-08,5.960464477539064e-08,5.960464477539064e-08,5.960464477539064e-08,5.960464477539064e-08,5.960464477539064e-08,5.960464477539064e-08,1.0,1.0,1.0,5.960464477539064e-08,1.0,1.0,1.0,5.960464477539064e-08,1.0,1.0,1.0,5.960464477539064e-08
LSTM_Third,5.960464477539064e-08,5.960464477539064e-08,5.960464477539064e-08,5.960464477539064e-08,5.960464477539064e-08,5.960464477539064e-08,5.960464477539064e-08,1.0,1.0,1.0,5.960464477539064e-08,1.0,1.0,1.0,5.960464477539064e-08,1.0,1.0,1.0,5.960464477539064e-08
LSTM_Twice,5.960464477539064e-08,5.960464477539064e-08,5.960464477539064e-08,5.960464477539064e-08,5.960464477539064e-08,5.960464477539064e-08,5.960464477539064e-08,1.0,1.0,1.0,5.960464477539064e-08,1.0,1.0,1.0,5.960464477539064e-08,1.0,1.0,1.0,5.960464477539064e-08
RNN_Linear,0.0011548399925231,0.0008081197738647,0.0851390361785888,0.000187873840332,5.960464477539064e-08,5.960464477539064e-08,0.0004894733428955,5.960464477539064e-08,5.960464477539064e-08,5.960464477539064e-08,0.0105108022689819,5.960464477539064e-08,5.960464477539064e-08,5.960464477539064e-08,1.0,5.960464477539064e-08,5.960464477539064e-08,5.960464477539064e-08,5.960464477539064e-08
RNN_Reference,5.960464477539064e-08,5.960464477539064e-08,5.960464477539064e-08,5.960464477539064e-08,5.960464477539064e-08,5.960464477539064e-08,5.960464477539064e-08,1.0,1.0,1.0,5.960464477539064e-08,1.0,1.0,1.0,5.960464477539064e-08,1.0,1.0,1.0,5.960464477539064e-08
RNN_Third,5.960464477539064e-08,5.960464477539064e-08,5.960464477539064e-08,5.960464477539064e-08,5.960464477539064e-08,5.960464477539064e-08,5.960464477539064e-08,1.0,1.0,1.0,5.960464477539064e-08,1.0,1.0,1.0,5.960464477539064e-08,1.0,1.0,1.0,5.960464477539064e-08
RNN_Twice,5.960464477539064e-08,5.960464477539064e-08,5.960464477539064e-08,5.960464477539064e-08,5.960464477539064e-08,5.960464477539064e-08,5.960464477539064e-08,1.0,1.0,1.0,5.960464477539064e-08,1.0,1.0,1.0,5.960464477539064e-08,1.0,1.0,1.0,5.960464477539064e-08
UniTS,0.0027848482131958,0.0073709487915039,5.960464477539064e-08,5.960464477539064e-08,5.960464477539064e-08,5.960464477539064e-08,5.960464477539064e-08,5.960464477539064e-08,5.960464477539064e-08,5.960464477539064e-08,5.960464477539064e-08,5.960464477539064e-08,5.960464477539064e-08,5.960464477539064e-08,5.960464477539064e-08,5.960464477539064e-08,5.960464477539064e-08,5.960464477539064e-08,1.0
