Compare,Bi,Conv,GRU_Att_1,GRU_Att_2,GRU_Att_3,GRU_Att_4,GRU_Linear,GRU_Reference,GRU_Third,GRU_Twice,LSTM_Linear,LSTM_Reference,LSTM_Third,LSTM_Twice,RNN_Linear,RNN_Reference,RNN_Third,RNN_Twice,UniTS,actual
Bi,1.0,0.0,0.0,0.0,0.0,0.0,3.179114514686362e-06,0.0,1.0780706098860651e-101,0.0,0.0,0.0,1.2093168558106216e-05,0.0,0.0,0.0,0.0,0.0,1.1612734513021909e-236,0.0
Conv,0.0,1.0,0.0,0.0,0.0,0.0,0.0,0.0,0.0,2.24298373935294e-102,0.0,1.256302962281079e-243,0.0,5.279273059889368e-199,1.439622907599777e-46,0.0,6.7873397904019425e-56,0.0,0.0,0.0
GRU_Att_1,0.0,0.0,1.0,8.967073580778414e-172,1.354301482922873e-153,1.8344356713407047e-24,0.0,0.0,6.868600190570351e-178,0.0,0.0,0.0,0.0,1.1080258029237031e-247,1.118175656931084e-206,0.0,0.0,0.0,4.7735763987073565e-05,1.549574769625185e-26
GRU_Att_2,0.0,0.0,8.967073580778414e-172,1.0,0.0002656490316681,1.1545041173665472e-50,0.0,0.0,0.0,0.0,0.0,6.161406049535476e-178,0.0,1.727134963674127e-146,2.639205384083015e-130,0.0,0.0,0.0,1.775771884927131e-34,1.4293713683437905e-06
GRU_Att_3,0.0,0.0,1.354301482922873e-153,0.0002656490316681,1.0,8.531702295504688e-68,0.0,0.0,3.7834928982203527e-286,0.0,0.0,6.804326664072017e-173,0.0,3.3580055778935925e-165,2.398977238878312e-152,0.0,0.0,0.0,4.608118548377571e-32,1.0019833570459592e-08
GRU_Att_4,0.0,0.0,1.8344356713407047e-24,1.1545041173665472e-50,8.531702295504688e-68,1.0,0.0,0.0,1.0856073626271575e-236,0.0,0.0,1.7496322946656451e-268,0.0,1.4385365597801764e-239,8.678835915772691e-204,0.0,0.0,0.0,2.84091436410694e-10,1.0292057730450275e-06
GRU_Linear,3.179114514686362e-06,0.0,0.0,0.0,0.0,0.0,1.0,0.0,9.507248759366889e-14,0.0,0.0,0.0,1.1355844958478723e-87,0.0,0.0,0.0,0.0,0.0,7.1807515472319556e-93,3.680923206622715e-237
GRU_Reference,0.0,0.0,0.0,0.0,0.0,0.0,0.0,1.0,0.0,0.0,1.833513637572578e-297,0.0,0.0,0.0,0.0,0.0,0.0,0.0,0.0,0.0
GRU_Third,1.0780706098860651e-101,0.0,6.868600190570351e-178,0.0,3.7834928982203527e-286,1.0856073626271575e-236,9.507248759366889e-14,0.0,1.0,0.0,0.0,0.0,1.3438985314715081e-20,0.0,0.0,0.0,0.0,0.0,1.30246658575913e-65,8.861585091964256e-136
GRU_Twice,0.0,2.24298373935294e-102,0.0,0.0,0.0,0.0,0.0,0.0,0.0,1.0,0.0,7.886590134134364e-41,0.0,2.787196629533806e-68,0.0266386459730299,0.0,2.230945529489964e-87,0.0,0.0,0.0
LSTM_Linear,0.0,0.0,0.0,0.0,0.0,0.0,0.0,1.833513637572578e-297,0.0,0.0,1.0,0.0,0.0,0.0,0.0,0.0,0.0,0.0,0.0,0.0
LSTM_Reference,0.0,1.256302962281079e-243,0.0,6.161406049535476e-178,6.804326664072017e-173,1.7496322946656451e-268,0.0,0.0,0.0,7.886590134134364e-41,0.0,1.0,0.0,1.0682675072719375e-41,1.7395770733681766e-198,0.0,5.4971565903931654e-152,0.0,7.18477000412742e-199,4.126417563557465e-246
LSTM_Third,1.2093168558106216e-05,0.0,0.0,0.0,0.0,0.0,1.1355844958478723e-87,0.0,1.3438985314715081e-20,0.0,0.0,0.0,1.0,0.0,0.0,0.0,0.0,0.0,9.643555824050884e-192,0.0
LSTM_Twice,0.0,5.279273059889368e-199,1.1080258029237031e-247,1.727134963674127e-146,3.3580055778935925e-165,1.4385365597801764e-239,0.0,0.0,0.0,2.787196629533806e-68,0.0,1.0682675072719375e-41,0.0,1.0,8.550767474237918e-158,0.0,2.708744330160739e-32,0.0,0.0,1.306000724717094e-244
RNN_Linear,0.0,1.439622907599777e-46,1.118175656931084e-206,2.639205384083015e-130,2.398977238878312e-152,8.678835915772691e-204,0.0,0.0,0.0,0.0266386459730299,0.0,1.7395770733681766e-198,0.0,8.550767474237918e-158,1.0,0.0,0.0,0.0,0.0,0.0
RNN_Reference,0.0,0.0,0.0,0.0,0.0,0.0,0.0,0.0,0.0,0.0,0.0,0.0,0.0,0.0,0.0,1.0,0.0,0.0,0.0,0.0
RNN_Third,0.0,6.7873397904019425e-56,0.0,0.0,0.0,0.0,0.0,0.0,0.0,2.230945529489964e-87,0.0,5.4971565903931654e-152,0.0,2.708744330160739e-32,0.0,0.0,1.0,0.0,0.0,0.0
RNN_Twice,0.0,0.0,0.0,0.0,0.0,0.0,0.0,0.0,0.0,0.0,0.0,0.0,0.0,0.0,0.0,0.0,0.0,1.0,0.0,0.0
UniTS,1.1612734513021909e-236,0.0,4.7735763987073565e-05,1.775771884927131e-34,4.608118548377571e-32,2.84091436410694e-10,7.1807515472319556e-93,0.0,1.30246658575913e-65,0.0,0.0,7.18477000412742e-199,9.643555824050884e-192,0.0,0.0,0.0,0.0,0.0,1.0,1.7553009830299837e-23
actual,0.0,0.0,1.549574769625185e-26,1.4293713683437905e-06,1.0019833570459592e-08,1.0292057730450275e-06,3.680923206622715e-237,0.0,8.861585091964256e-136,0.0,0.0,4.126417563557465e-246,0.0,1.306000724717094e-244,0.0,0.0,0.0,0.0,1.7553009830299837e-23,1.0
