Compare,Bi,Conv,GRU_Att_1,GRU_Att_2,GRU_Att_3,GRU_Att_4,GRU_Linear,GRU_Reference,GRU_Third,GRU_Twice,LSTM_Linear,LSTM_Reference,LSTM_Third,LSTM_Twice,RNN_Linear,RNN_Reference,RNN_Third,RNN_Twice,UniTS,actual
Bi,1.0,485805972824.0,535817761288.0,522439378313.0,527807385217.0,541594179802.0,466948981545.0,563159861475.0,515668916691.0,388665265128.0,542728125489.0,508838530906.0,532708820309.0,529053474655.0,551283604294.0,551726108059.0,486733004539.0,490925690310.0,549060836381.0,542588714915.0
Conv,485805972824.0,1.0,564710990258.0,548290994168.0,553304142128.0,535509775168.0,540465885024.0,503709127120.0,451302091066.0,470813546405.0,521692139442.0,441920231741.0,538125306051.0,471091653859.0,484313337687.0,481642881925.0,559012184444.0,537632966890.5,551098669113.0,547542987120.0
GRU_Att_1,535817761288.0,564710990258.0,1.0,321931115227.5,354885650076.5,285918093782.0,474717932896.5,484222525178.5,449660359826.0,431333978314.0,492851435681.0,447605915206.0,506461994445.0,455072700323.5,470415809649.0,471695723130.0,484331804499.0,489748056267.0,562866447273.0,451172581269.5
GRU_Att_2,522439378313.0,548290994168.0,321931115227.5,1.0,240819593556.0,242443275196.5,458667479192.5,481486627366.5,449369003671.5,414346527989.5,486927468358.0,440004093586.0,505226683878.0,456879347081.0,475111385534.5,478956782809.0,482545101116.5,490021586365.0,562885434631.0,452833260183.5
GRU_Att_3,527807385217.0,553304142128.0,354885650076.5,240819593556.0,1.0,247489517031.5,463667761076.0,494224296492.5,453626601275.0,425203287311.0,490825213323.5,441545520754.0,503650249092.5,461656711523.0,482386140952.5,483304110010.5,491064341872.0,493789813586.5,563627792169.0,460613630592.5
GRU_Att_4,541594179802.0,535509775168.0,285918093782.0,242443275196.5,247489517031.5,1.0,442234512442.5,487659821097.5,450092475372.0,398438997583.0,491995178816.5,438839702367.5,483583989720.5,459323128400.5,473876549993.5,482681325983.5,463281947588.5,472461159936.5,559811503182.0,440484739113.5
GRU_Linear,466948981545.0,540465885024.0,474717932896.5,458667479192.5,463667761076.0,442234512442.5,1.0,362117594980.5,330402875358.5,378930834808.5,372265942634.0,334012895473.5,393360523594.5,357312021682.0,351453441580.5,345473913991.0,424110112945.5,469737961501.0,534921376302.0,509337851439.5
GRU_Reference,563159861475.0,503709127120.0,484222525178.5,481486627366.5,494224296492.5,487659821097.5,362117594980.5,1.0,374293834707.0,327807924763.5,398636133025.5,400931130740.0,390956532454.5,390693919941.0,406689429861.5,401784691995.0,372896559948.5,410577457746.0,556692864338.0,537492633779.0
GRU_Third,515668916691.0,451302091066.0,449660359826.0,449369003671.5,453626601275.0,450092475372.0,330402875358.5,374293834707.0,1.0,301880154696.5,385591237149.5,421039816454.0,368285115442.0,416947150804.0,387384403025.5,382345381836.5,340710534742.5,406429637876.5,526167665679.0,503648615324.5
GRU_Twice,388665265128.0,470813546405.0,431333978314.0,414346527989.5,425203287311.0,398438997583.0,378930834808.5,327807924763.5,301880154696.5,1.0,304147407360.0,268251991342.0,357878294727.0,290629551960.0,298854492220.5,309441855654.5,360772737807.5,440791305578.0,505709399867.0,475873135694.0
LSTM_Linear,542728125489.0,521692139442.0,492851435681.0,486927468358.0,490825213323.5,491995178816.5,372265942634.0,398636133025.5,385591237149.5,304147407360.0,1.0,377623724553.0,433177660158.0,380601311957.0,392421689026.5,395225244172.0,362348466211.5,418639543102.0,562407339051.0,543052577695.0
LSTM_Reference,508838530906.0,441920231741.0,447605915206.0,440004093586.0,441545520754.0,438839702367.5,334012895473.5,400931130740.0,421039816454.0,268251991342.0,377623724553.0,1.0,389124726629.5,417884865131.0,380184712194.0,396405639200.5,321575972516.5,377855217692.5,522728101912.0,500374775428.5
LSTM_Third,532708820309.0,538125306051.0,506461994445.0,505226683878.0,503650249092.5,483583989720.5,393360523594.5,390956532454.5,368285115442.0,357878294727.0,433177660158.0,389124726629.5,1.0,409624722137.0,388680808597.5,383531599930.0,407375749530.0,435870591917.0,560786043484.0,539551248091.5
LSTM_Twice,529053474655.0,471091653859.0,455072700323.5,456879347081.0,461656711523.0,459323128400.5,357312021682.0,390693919941.0,416947150804.0,290629551960.0,380601311957.0,417884865131.0,409624722137.0,1.0,433681668312.0,417325092217.0,357299804996.0,412548897813.5,528381706282.0,507489852777.0
RNN_Linear,551283604294.0,484313337687.0,470415809649.0,475111385534.5,482386140952.5,473876549993.5,351453441580.5,406689429861.5,387384403025.5,298854492220.5,392421689026.5,380184712194.0,388680808597.5,433681668312.0,1.0,403828178482.0,348649911236.5,398880134622.0,542457431219.0,522358617282.0
RNN_Reference,551726108059.0,481642881925.0,471695723130.0,478956782809.0,483304110010.5,482681325983.5,345473913991.0,401784691995.0,382345381836.5,309441855654.5,395225244172.0,396405639200.5,383531599930.0,417325092217.0,403828178482.0,1.0,375120197004.5,404427717806.0,544484628601.0,524896772979.0
RNN_Third,486733004539.0,559012184444.0,484331804499.0,482545101116.5,491064341872.0,463281947588.5,424110112945.5,372896559948.5,340710534742.5,360772737807.5,362348466211.5,321575972516.5,407375749530.0,357299804996.0,348649911236.5,375120197004.5,1.0,448032744254.0,540640429100.0,517440253082.0
RNN_Twice,490925690310.0,537632966890.5,489748056267.0,490021586365.0,493789813586.5,472461159936.5,469737961501.0,410577457746.0,406429637876.5,440791305578.0,418639543102.0,377855217692.5,435870591917.0,412548897813.5,398880134622.0,404427717806.0,448032744254.0,1.0,540663803153.0,521662618125.5
UniTS,549060836381.0,551098669113.0,562866447273.0,562885434631.0,563627792169.0,559811503182.0,534921376302.0,556692864338.0,526167665679.0,505709399867.0,562407339051.0,522728101912.0,560786043484.0,528381706282.0,542457431219.0,544484628601.0,540640429100.0,540663803153.0,1.0,564612527505.0
actual,542588714915.0,547542987120.0,451172581269.5,452833260183.5,460613630592.5,440484739113.5,509337851439.5,537492633779.0,503648615324.5,475873135694.0,543052577695.0,500374775428.5,539551248091.5,507489852777.0,522358617282.0,524896772979.0,517440253082.0,521662618125.5,564612527505.0,1.0
