Compare,Bi,Conv,GRU_Att_1,GRU_Att_2,GRU_Att_3,GRU_Att_4,GRU_Linear,GRU_Reference,GRU_Third,GRU_Twice,LSTM_Linear,LSTM_Reference,LSTM_Third,LSTM_Twice,RNN_Linear,RNN_Reference,RNN_Third,RNN_Twice,UniTS,actual
Bi,1.0,579234975015.0,581095811045.0,581086190000.0,580925629453.0,580705817242.0,574916487185.0,547785100170.5,547785018628.5,547784556463.5,580376683133.0,547784983068.5,547784533264.5,548175423245.5,570326439820.0,547779149191.5,547784533966.5,547785546508.5,583326861793.0,577609607970.0
Conv,579234975015.0,1.0,579225333668.0,579302360576.0,578854861307.0,578740258941.0,578795894023.0,552407897472.5,552407800163.5,552407364823.5,582459306374.0,552407789287.5,552407341797.5,552790967158.5,573838590379.0,552400018432.5,552407342525.5,552408364233.5,581985839745.0,574498718855.0
GRU_Att_1,581095811045.0,579225333668.0,1.0,577752351137.0,577050090659.5,557802645206.5,576263473142.0,538191664430.0,538191244885.0,538190907548.0,570207903091.0,538191281464.0,538190878707.0,538853933323.5,566065900960.0,538195049553.5,538190879668.0,538191699868.0,581249149567.0,552771545874.5
GRU_Att_2,581086190000.0,579302360576.0,577752351137.0,1.0,576793114336.0,558875540431.0,575948907791.0,538580955803.0,538580561966.0,538580230217.0,570604760923.0,538580580726.0,538580201488.0,539245079594.5,565403900806.0,538582565151.0,538580202363.0,538581009723.0,581204379317.0,562222256547.0
GRU_Att_3,580925629453.0,578854861307.0,577050090659.5,576793114336.0,1.0,563114626244.0,576103602090.0,538312480319.0,538312097745.0,538311756027.0,570417226163.0,538312104089.0,538311727239.0,538985187630.0,565835307167.0,538312864747.5,538311728137.0,538312487501.0,581454594286.0,560004295547.0
GRU_Att_4,580705817242.0,578740258941.0,557802645206.5,558875540431.0,563114626244.0,1.0,575887790126.0,537638437431.5,537638041502.5,537637709969.5,570784833269.0,537638068331.5,537637681973.5,538280843654.5,564832383134.0,537640025920.0,537637682847.5,537638544216.5,582337621442.0,565076091275.5
GRU_Linear,574916487185.0,578795894023.0,576263473142.0,575948907791.0,576103602090.0,575887790126.0,1.0,551133764447.0,551133558276.0,551133426027.0,572522807502.0,551133573289.0,551133415557.0,551459070185.0,564472311930.0,551140386302.0,551133416070.0,551133674738.0,574161498658.0,572692235389.0
GRU_Reference,547785100170.5,552407897472.5,538191664430.0,538580955803.0,538312480319.0,537638437431.5,551133764447.0,1.0,104470949.0,99764680.0,550928431200.0,119742216.5,76347501.0,834629765.0,551813173264.0,312102522.0,65137845.0,79203925.0,545892758233.0,536742036957.0
GRU_Third,547785018628.5,552407800163.5,538191244885.0,538580561966.0,538312097745.0,537638041502.5,551133558276.0,104470949.0,1.0,28170149.5,550928224163.0,30623863.0,8985134.0,560542789.0,551812965268.0,170450092.0,6327903.0,8507205.0,545892479241.0,536741621005.5
GRU_Twice,547784556463.5,552407364823.5,538190907548.0,538580230217.0,538311756027.0,537637709969.5,551133426027.0,99764680.0,28170149.5,1.0,550928104768.0,39635232.0,8132910.0,610699498.0,551812833222.0,167074532.0,13917431.0,15332462.0,545892289888.0,536741266599.5
LSTM_Linear,580376683133.0,582459306374.0,570207903091.0,570604760923.0,570417226163.0,570784833269.0,572522807502.0,550928431200.0,550928224163.0,550928104768.0,1.0,550928233587.0,550928095620.0,551268306617.0,557177839961.0,550931593311.0,550928096152.0,550928418725.0,562888335033.0,566743505589.0
LSTM_Reference,547784983068.5,552407789287.5,538191281464.0,538580580726.0,538312104089.0,537638068331.5,551133573289.0,119742216.5,30623863.0,39635232.0,550928233587.0,1.0,29232328.0,662742973.0,551812975686.0,181531961.0,23755095.0,30161499.0,545892481754.0,536741631110.5
LSTM_Third,547784533264.5,552407341797.5,538190878707.0,538580201488.0,538311727239.0,537637681973.5,551133415557.0,76347501.0,8985134.0,8132910.0,550928095620.0,29232328.0,1.0,568941181.0,551812822498.0,125141119.0,2053083.0,2053083.0,545892274092.0,536741237687.5
LSTM_Twice,548175423245.5,552790967158.5,538853933323.5,539245079594.5,538985187630.0,538280843654.5,551459070185.0,834629765.0,560542789.0,610699498.0,551268306617.0,662742973.0,568941181.0,1.0,552186993833.0,1015299081.5,547283025.0,530523784.0,546430245474.0,537359593508.0
RNN_Linear,570326439820.0,573838590379.0,566065900960.0,565403900806.0,565835307167.0,564832383134.0,564472311930.0,551813173264.0,551812965268.0,551812833222.0,557177839961.0,551812975686.0,551812822498.0,552186993833.0,1.0,551820801732.0,551812822989.0,551813113850.0,562200029161.0,561927914749.0
RNN_Reference,547779149191.5,552400018432.5,538195049553.5,538582565151.0,538312864747.5,537640025920.0,551140386302.0,312102522.0,170450092.0,167074532.0,550931593311.0,181531961.0,125141119.0,1015299081.5,551820801732.0,1.0,133036532.0,137400311.0,545899206729.0,536749692323.0
RNN_Third,547784533966.5,552407342525.5,538190879668.0,538580202363.0,538311728137.0,537637682847.5,551133416070.0,65137845.0,6327903.0,13917431.0,550928096152.0,23755095.0,2053083.0,547283025.0,551812822989.0,133036532.0,1.0,2850078.0,545892274870.0,536741238647.5
RNN_Twice,547785546508.5,552408364233.5,538191699868.0,538581009723.0,538312487501.0,537638544216.5,551133674738.0,79203925.0,8507205.0,15332462.0,550928418725.0,30161499.0,2053083.0,530523784.0,551813113850.0,137400311.0,2850078.0,1.0,545892701925.0,536742044177.5
UniTS,583326861793.0,581985839745.0,581249149567.0,581204379317.0,581454594286.0,582337621442.0,574161498658.0,545892758233.0,545892479241.0,545892289888.0,562888335033.0,545892481754.0,545892274092.0,546430245474.0,562200029161.0,545899206729.0,545892274870.0,545892701925.0,1.0,573917436574.0
actual,577609607970.0,574498718855.0,552771545874.5,562222256547.0,560004295547.0,565076091275.5,572692235389.0,536742036957.0,536741621005.5,536741266599.5,566743505589.0,536741631110.5,536741237687.5,537359593508.0,561927914749.0,536749692323.0,536741238647.5,536742044177.5,573917436574.0,1.0
