Compare,Bi,Conv,GRU_Att_1,GRU_Att_2,GRU_Att_3,GRU_Att_4,GRU_Linear,GRU_Reference,GRU_Third,GRU_Twice,LSTM_Linear,LSTM_Reference,LSTM_Third,LSTM_Twice,RNN_Linear,RNN_Reference,RNN_Third,RNN_Twice,UniTS,actual
Bi,1.0,534433453103.5,548723263186.0,549363631840.5,557211039340.5,560464798224.0,481599862397.5,0.0,0.0,0.0,475385266698.5,0.0,0.0,0.0,514365534261.0,0.0,0.0,0.0,556259649310.0,565566483419.0
Conv,534433453103.5,1.0,543485624450.5,544298823061.0,552364871402.0,554999168178.0,502075158806.5,0.0,0.0,0.0,501736257331.5,0.0,0.0,0.0,533231166314.5,0.0,0.0,0.0,552327744411.0,565652604103.5
GRU_Att_1,548723263186.0,543485624450.5,1.0,149822414088.0,208932319930.0,138397235008.0,500302970776.0,2869515.0,2869515.0,2869515.0,507727796005.0,2869515.0,2869515.0,2869515.0,534209341888.0,2869515.0,2869515.0,2869515.0,550845929506.0,453069506792.5
GRU_Att_2,549363631840.5,544298823061.0,149822414088.0,1.0,174216056849.0,177303986067.5,500771669228.5,7307367.5,7307367.5,7307367.5,507902711041.0,7307367.5,7307367.5,7307367.5,534577598081.5,7307367.5,7307367.5,7307367.5,550570046326.0,459498517465.5
GRU_Att_3,557211039340.5,552364871402.0,208932319930.0,174216056849.0,1.0,219300853354.0,507665407231.5,18776612.0,18776612.0,18776612.0,515079376893.5,18776612.0,18776612.0,18776612.0,541820214766.5,18776612.0,18776612.0,18776612.0,545365285311.0,463069839498.0
GRU_Att_4,560464798224.0,554999168178.0,138397235008.0,177303986067.5,219300853354.0,1.0,509584423213.0,15774234.0,15774234.0,15774234.0,517189646306.5,15774234.0,15774234.0,15774234.0,544795687227.5,15774234.0,15774234.0,15774234.0,543725701196.0,453236657729.0
GRU_Linear,481599862397.5,502075158806.5,500302970776.0,500771669228.5,507665407231.5,509584423213.0,1.0,0.0,0.0,0.0,548154315811.5,0.0,0.0,0.0,552665641094.0,0.0,0.0,0.0,525420049246.0,513296259387.0
GRU_Reference,0.0,0.0,2869515.0,7307367.5,18776612.0,15774234.0,0.0,1.0,1.0,1.0,0.0,1.0,1.0,1.0,0.0,1.0,1.0,1.0,820.0,18007440.0
GRU_Third,0.0,0.0,2869515.0,7307367.5,18776612.0,15774234.0,0.0,1.0,1.0,1.0,0.0,1.0,1.0,1.0,0.0,1.0,1.0,1.0,820.0,18007440.0
GRU_Twice,0.0,0.0,2869515.0,7307367.5,18776612.0,15774234.0,0.0,1.0,1.0,1.0,0.0,1.0,1.0,1.0,0.0,1.0,1.0,1.0,820.0,18007440.0
LSTM_Linear,475385266698.5,501736257331.5,507727796005.0,507902711041.0,515079376893.5,517189646306.5,548154315811.5,0.0,0.0,0.0,1.0,0.0,0.0,0.0,555775070248.0,0.0,0.0,0.0,534115767168.0,522586976999.0
LSTM_Reference,0.0,0.0,2869515.0,7307367.5,18776612.0,15774234.0,0.0,1.0,1.0,1.0,0.0,1.0,1.0,1.0,0.0,1.0,1.0,1.0,820.0,18007440.0
LSTM_Third,0.0,0.0,2869515.0,7307367.5,18776612.0,15774234.0,0.0,1.0,1.0,1.0,0.0,1.0,1.0,1.0,0.0,1.0,1.0,1.0,820.0,18007440.0
LSTM_Twice,0.0,0.0,2869515.0,7307367.5,18776612.0,15774234.0,0.0,1.0,1.0,1.0,0.0,1.0,1.0,1.0,0.0,1.0,1.0,1.0,820.0,18007440.0
RNN_Linear,514365534261.0,533231166314.5,534209341888.0,534577598081.5,541820214766.5,544795687227.5,552665641094.0,0.0,0.0,0.0,555775070248.0,0.0,0.0,0.0,1.0,0.0,0.0,0.0,542102240862.0,536299270609.0
RNN_Reference,0.0,0.0,2869515.0,7307367.5,18776612.0,15774234.0,0.0,1.0,1.0,1.0,0.0,1.0,1.0,1.0,0.0,1.0,1.0,1.0,820.0,18007440.0
RNN_Third,0.0,0.0,2869515.0,7307367.5,18776612.0,15774234.0,0.0,1.0,1.0,1.0,0.0,1.0,1.0,1.0,0.0,1.0,1.0,1.0,820.0,18007440.0
RNN_Twice,0.0,0.0,2869515.0,7307367.5,18776612.0,15774234.0,0.0,1.0,1.0,1.0,0.0,1.0,1.0,1.0,0.0,1.0,1.0,1.0,820.0,18007440.0
UniTS,556259649310.0,552327744411.0,550845929506.0,550570046326.0,545365285311.0,543725701196.0,525420049246.0,820.0,820.0,820.0,534115767168.0,820.0,820.0,820.0,542102240862.0,820.0,820.0,820.0,1.0,551001147071.0
actual,565566483419.0,565652604103.5,453069506792.5,459498517465.5,463069839498.0,453236657729.0,513296259387.0,18007440.0,18007440.0,18007440.0,522586976999.0,18007440.0,18007440.0,18007440.0,536299270609.0,18007440.0,18007440.0,18007440.0,551001147071.0,1.0
