Compare,Bi,Conv,GRU_Att_1,GRU_Att_2,GRU_Att_3,GRU_Att_4,GRU_Linear,GRU_Reference,GRU_Third,GRU_Twice,LSTM_Linear,LSTM_Reference,LSTM_Third,LSTM_Twice,RNN_Linear,RNN_Reference,RNN_Third,RNN_Twice,UniTS
Bi,1.0,5.960464477539064e-08,5.960464477539064e-08,2.211332321166992e-05,4.172325134277344e-07,2.980232238769531e-07,5.960464477539064e-08,5.960464477539064e-08,5.960464477539064e-08,5.960464477539064e-08,5.960464477539064e-08,5.960464477539064e-08,5.960464477539064e-08,5.960464477539064e-08,5.960464477539064e-08,5.960464477539064e-08,5.960464477539064e-08,5.960464477539064e-08,0.7711594104766846
Conv,5.960464477539064e-08,1.0,0.1073147058486938,0.0114533305168151,1.0,0.0903161168098449,0.0366820693016052,0.1817298531532287,0.0754795670509338,0.2199863791465759,0.066701591014862,0.2872292995452881,0.1336400508880615,0.2002161741256714,0.0801958441734314,0.1199337840080261,0.0295784473419189,0.1073147058486938,8.344650268554688e-07
GRU_Att_1,5.960464477539064e-08,0.1073147058486938,1.0,0.0003764033317565,0.1484795808792114,0.1336400508880615,1.788139343261719e-07,1.1920928955078125e-07,1.1920928955078125e-07,5.960464477539062e-07,5.960464477539062e-07,1.132488250732422e-06,4.172325134277344e-07,3.2782554626464844e-06,5.960464477539062e-07,2.980232238769531e-07,1.1920928955078125e-07,1.788139343261719e-07,5.960464477539064e-08
GRU_Att_2,2.211332321166992e-05,0.0114533305168151,0.0003764033317565,1.0,0.0001202225685119,0.0041751861572265,5.960464477539064e-08,1.1920928955078125e-07,1.1920928955078125e-07,5.960464477539064e-08,5.960464477539064e-08,1.1920928955078125e-07,5.960464477539064e-08,1.1920928955078125e-07,5.960464477539064e-08,1.1920928955078125e-07,5.960464477539064e-08,1.788139343261719e-07,5.960464477539064e-08
GRU_Att_3,4.172325134277344e-07,1.0,0.1484795808792114,0.0001202225685119,1.0,0.0393387079238891,0.0957334637641906,0.2099391818046569,0.0709836483001709,0.2996123433113098,0.1199337840080261,0.3387878537178039,0.1013973951339721,0.2303613424301147,0.0903161168098449,0.1484795808792114,0.0421501994132995,0.1199337840080261,5.960464477539064e-08
GRU_Att_4,2.980232238769531e-07,0.0903161168098449,0.1336400508880615,0.0041751861572265,0.0393387079238891,1.0,5.960464477539064e-08,1.788139343261719e-07,1.1920928955078125e-07,1.788139343261719e-07,1.1920928955078125e-07,2.980232238769531e-07,2.980232238769531e-07,1.788139343261719e-07,1.788139343261719e-07,1.1920928955078125e-07,5.960464477539064e-08,1.788139343261719e-07,5.960464477539064e-08
GRU_Linear,5.960464477539064e-08,0.0366820693016052,1.788139343261719e-07,5.960464477539064e-08,0.0957334637641906,5.960464477539064e-08,1.0,0.2002161741256714,0.615043044090271,0.0124664902687072,0.6528410911560059,0.0034192204475402,0.1199337840080261,0.0135546922683715,0.2751842737197876,0.2872292995452881,0.457846462726593,0.3665854334831238,5.960464477539064e-08
GRU_Reference,5.960464477539064e-08,0.1817298531532287,1.1920928955078125e-07,1.1920928955078125e-07,0.2099391818046569,1.788139343261719e-07,0.2002161741256714,1.0,0.2410664558410644,0.2634761333465576,0.2002161741256714,0.312333345413208,0.5964998602867126,0.615043044090271,0.2634761333465576,0.2751842737197876,0.0187447071075439,0.936802864074707,5.960464477539064e-08
GRU_Third,5.960464477539064e-08,0.0754795670509338,1.1920928955078125e-07,1.1920928955078125e-07,0.0709836483001709,1.1920928955078125e-07,0.615043044090271,0.2410664558410644,1.0,0.0173123478889465,0.8739878535270691,0.0626264214515686,0.4418373703956604,0.0587515234947204,0.6528410911560059,0.8119303584098816,0.0366820693016052,0.8739878535270691,5.960464477539064e-08
GRU_Twice,5.960464477539064e-08,0.2199863791465759,5.960464477539062e-07,5.960464477539064e-08,0.2996123433113098,1.788139343261719e-07,0.0124664902687072,0.2634761333465576,0.0173123478889465,1.0,0.0341737866401672,1.0,0.0482624173164367,0.8948604464530945,0.0050716400146484,0.0147220492362976,0.0005564093589782,0.4418373703956604,5.960464477539064e-08
LSTM_Linear,5.960464477539064e-08,0.066701591014862,5.960464477539062e-07,5.960464477539064e-08,0.1199337840080261,1.1920928955078125e-07,0.6528410911560059,0.2002161741256714,0.8739878535270691,0.0341737866401672,1.0,0.0451226830482482,0.8739878535270691,0.0801958441734314,0.5601714849472046,0.4107651710510254,0.0393387079238891,0.7914759516716003,5.960464477539064e-08
LSTM_Reference,5.960464477539064e-08,0.2872292995452881,1.132488250732422e-06,1.1920928955078125e-07,0.3387878537178039,2.980232238769531e-07,0.0034192204475402,0.312333345413208,0.0626264214515686,1.0,0.0451226830482482,1.0,0.0482624173164367,0.978915274143219,0.0295784473419189,0.0550704598426818,0.0011548399925231,0.2996123433113098,5.960464477539064e-08
LSTM_Third,5.960464477539064e-08,0.1336400508880615,4.172325134277344e-07,5.960464477539064e-08,0.1013973951339721,2.980232238769531e-07,0.1199337840080261,0.5964998602867126,0.4418373703956604,0.0482624173164367,0.8739878535270691,0.0482624173164367,1.0,0.1336400508880615,0.5424043536186218,0.8531995415687561,0.0421501994132995,1.0,5.960464477539064e-08
LSTM_Twice,5.960464477539064e-08,0.2002161741256714,3.2782554626464844e-06,1.1920928955078125e-07,0.2303613424301147,1.788139343261719e-07,0.0135546922683715,0.615043044090271,0.0587515234947204,0.8948604464530945,0.0801958441734314,0.978915274143219,0.1336400508880615,1.0,0.0187447071075439,0.0851390361785888,0.0025079250335693,0.2872292995452881,5.960464477539064e-08
RNN_Linear,5.960464477539064e-08,0.0801958441734314,5.960464477539062e-07,5.960464477539064e-08,0.0903161168098449,1.788139343261719e-07,0.2751842737197876,0.2634761333465576,0.6528410911560059,0.0050716400146484,0.5601714849472046,0.0295784473419189,0.5424043536186218,0.0187447071075439,1.0,0.6720751523971558,0.066701591014862,0.4107651710510254,5.960464477539064e-08
RNN_Reference,5.960464477539064e-08,0.1199337840080261,2.980232238769531e-07,1.1920928955078125e-07,0.1484795808792114,1.1920928955078125e-07,0.2872292995452881,0.2751842737197876,0.8119303584098816,0.0147220492362976,0.4107651710510254,0.0550704598426818,0.8531995415687561,0.0851390361785888,0.6720751523971558,1.0,0.0219083428382873,1.0,5.960464477539064e-08
RNN_Third,5.960464477539064e-08,0.0295784473419189,1.1920928955078125e-07,5.960464477539064e-08,0.0421501994132995,5.960464477539064e-08,0.457846462726593,0.0187447071075439,0.0366820693016052,0.0005564093589782,0.0393387079238891,0.0011548399925231,0.0421501994132995,0.0025079250335693,0.066701591014862,0.0219083428382873,1.0,0.0851390361785888,5.960464477539064e-08
RNN_Twice,5.960464477539064e-08,0.1073147058486938,1.788139343261719e-07,1.788139343261719e-07,0.1199337840080261,1.788139343261719e-07,0.3665854334831238,0.936802864074707,0.8739878535270691,0.4418373703956604,0.7914759516716003,0.2996123433113098,1.0,0.2872292995452881,0.4107651710510254,1.0,0.0851390361785888,1.0,5.960464477539064e-08
UniTS,0.7711594104766846,8.344650268554688e-07,5.960464477539064e-08,5.960464477539064e-08,5.960464477539064e-08,5.960464477539064e-08,5.960464477539064e-08,5.960464477539064e-08,5.960464477539064e-08,5.960464477539064e-08,5.960464477539064e-08,5.960464477539064e-08,5.960464477539064e-08,5.960464477539064e-08,5.960464477539064e-08,5.960464477539064e-08,5.960464477539064e-08,5.960464477539064e-08,1.0
