Compare,Bi,Conv,GRU_Att_1,GRU_Att_2,GRU_Att_3,GRU_Att_4,GRU_Linear,GRU_Reference,GRU_Third,GRU_Twice,LSTM_Linear,LSTM_Reference,LSTM_Third,LSTM_Twice,RNN_Linear,RNN_Reference,RNN_Third,RNN_Twice,UniTS
Bi,1.0,0.7711594104766846,0.325391948223114,0.936802864074707,0.2634761333465576,0.2996123433113098,0.0274794101715087,0.0010271072387695,0.0393387079238891,0.0903161168098449,0.0159729719161987,0.0016253590583801,0.0393387079238891,0.8119303584098816,5.3882598876953125e-05,3.814697265625e-05,0.0801958441734314,5.960464477539064e-08,0.6720751523971558
Conv,0.7711594104766846,1.0,0.6720751523971558,0.5424043536186218,0.1199337840080261,0.1817298531532287,0.0096350312232971,0.0007149577140808,0.0421501994132995,0.0393387079238891,0.0187447071075439,0.0010271072387695,0.0754795670509338,0.8119303584098816,4.172325134277344e-06,2.211332321166992e-05,0.0393387079238891,5.960464477539064e-08,0.2996123433113098
GRU_Att_1,0.325391948223114,0.6720751523971558,1.0,0.1073147058486938,8.165836334228516e-06,1.829862594604492e-05,1.788139343261719e-07,1.788139343261719e-07,0.0022552609443664,0.0046046376228332,0.0005564093589782,1.1920928955078125e-07,0.0202749371528625,0.978915274143219,2.980232238769531e-07,2.562999725341797e-06,0.0003764033317565,5.960464477539064e-08,0.0007149577140808
GRU_Att_2,0.936802864074707,0.5424043536186218,0.1073147058486938,1.0,0.0482624173164367,0.1817298531532287,0.0001623034477233,2.562999725341797e-06,0.0341737866401672,0.0421501994132995,0.0061292052268981,6.365776062011719e-05,0.0709836483001709,0.7309892177581787,0.0001029968261718,0.0008081197738647,0.0393387079238891,5.960464477539064e-08,0.5424043536186218
GRU_Att_3,0.2634761333465576,0.1199337840080261,8.165836334228516e-06,0.0482624173164367,1.0,0.312333345413208,0.0255050659179687,0.0001398921012878,0.0587515234947204,0.2303613424301147,0.0295784473419189,5.3882598876953125e-05,0.3665854334831238,0.4261419773101806,0.0003764033317565,0.0014527440071105,0.325391948223114,5.960464477539064e-08,0.0482624173164367
GRU_Att_4,0.2996123433113098,0.1817298531532287,1.829862594604492e-05,0.1817298531532287,0.312333345413208,1.0,0.0030878782272338,5.3882598876953125e-05,0.0709836483001709,0.1908142566680908,0.0159729719161987,3.814697265625e-05,0.3525196313858032,0.5424043536186218,0.0001623034477233,0.0008081197738647,0.2099391818046569,5.960464477539064e-08,0.5782062411308289
GRU_Linear,0.0274794101715087,0.0096350312232971,1.788139343261719e-07,0.0001623034477233,0.0255050659179687,0.0030878782272338,1.0,0.0587515234947204,0.8119303584098816,0.6528410911560059,0.7509929537773132,0.0550704598426818,0.6338268518447876,0.1134914755821228,0.0055788159370422,0.0187447071075439,0.7711594104766846,5.960464477539064e-08,2.664327621459961e-05
GRU_Reference,0.0010271072387695,0.0007149577140808,1.788139343261719e-07,2.562999725341797e-06,0.0001398921012878,5.3882598876953125e-05,0.0587515234947204,1.0,0.6528410911560059,0.0515762567520141,0.4107651710510254,0.6915188431739807,0.066701591014862,0.0587515234947204,0.0147220492362976,0.1563382148742675,0.2002161741256714,5.960464477539064e-08,1.132488250732422e-06
GRU_Third,0.0393387079238891,0.0421501994132995,0.0022552609443664,0.0341737866401672,0.0587515234947204,0.0709836483001709,0.8119303584098816,0.6528410911560059,1.0,0.7309892177581787,0.8739878535270691,0.0754795670509338,0.4418373703956604,0.2303613424301147,0.0135546922683715,0.0124664902687072,0.7914759516716003,5.960464477539064e-08,0.0219083428382873
GRU_Twice,0.0903161168098449,0.0393387079238891,0.0046046376228332,0.0421501994132995,0.2303613424301147,0.1908142566680908,0.6528410911560059,0.0515762567520141,0.7309892177581787,1.0,0.6915188431739807,0.0957334637641906,0.5249125957489014,0.3957113623619079,0.0135546922683715,0.0088223218917846,0.8739878535270691,5.960464477539064e-08,0.0219083428382873
LSTM_Linear,0.0159729719161987,0.0187447071075439,0.0005564093589782,0.0061292052268981,0.0295784473419189,0.0159729719161987,0.7509929537773132,0.4107651710510254,0.8739878535270691,0.6915188431739807,1.0,0.2199863791465759,0.3387878537178039,0.2410664558410644,0.0341737866401672,0.0318078398704528,0.936802864074707,5.960464477539064e-08,0.0012963414192199
LSTM_Reference,0.0016253590583801,0.0010271072387695,1.1920928955078125e-07,6.365776062011719e-05,5.3882598876953125e-05,3.814697265625e-05,0.0550704598426818,0.6915188431739807,0.0754795670509338,0.0957334637641906,0.2199863791465759,1.0,0.0851390361785888,0.066701591014862,0.0957334637641906,0.1563382148742675,0.2002161741256714,5.960464477539064e-08,2.562999725341797e-06
LSTM_Third,0.0393387079238891,0.0754795670509338,0.0202749371528625,0.0709836483001709,0.3665854334831238,0.3525196313858032,0.6338268518447876,0.066701591014862,0.4418373703956604,0.5249125957489014,0.3387878537178039,0.0851390361785888,1.0,0.3957113623619079,0.0046046376228332,0.0114533305168151,0.7111607789993286,5.960464477539064e-08,0.1484795808792114
LSTM_Twice,0.8119303584098816,0.8119303584098816,0.978915274143219,0.7309892177581787,0.4261419773101806,0.5424043536186218,0.1134914755821228,0.0587515234947204,0.2303613424301147,0.3957113623619079,0.2410664558410644,0.066701591014862,0.3957113623619079,1.0,0.0202749371528625,0.0482624173164367,0.3525196313858032,7.49826431274414e-05,0.6915188431739807
RNN_Linear,5.3882598876953125e-05,4.172325134277344e-06,2.980232238769531e-07,0.0001029968261718,0.0003764033317565,0.0001623034477233,0.0055788159370422,0.0147220492362976,0.0135546922683715,0.0135546922683715,0.0341737866401672,0.0957334637641906,0.0046046376228332,0.0202749371528625,1.0,0.4907859563827514,0.0124664902687072,0.0018156766891479,1.0073184967041016e-05
RNN_Reference,3.814697265625e-05,2.211332321166992e-05,2.562999725341797e-06,0.0008081197738647,0.0014527440071105,0.0008081197738647,0.0187447071075439,0.1563382148742675,0.0124664902687072,0.0088223218917846,0.0318078398704528,0.1563382148742675,0.0114533305168151,0.0482624173164367,0.4907859563827514,1.0,0.0173123478889465,3.1948089599609375e-05,0.0001398921012878
RNN_Third,0.0801958441734314,0.0393387079238891,0.0003764033317565,0.0393387079238891,0.325391948223114,0.2099391818046569,0.7711594104766846,0.2002161741256714,0.7914759516716003,0.8739878535270691,0.936802864074707,0.2002161741256714,0.7111607789993286,0.3525196313858032,0.0124664902687072,0.0173123478889465,1.0,5.960464477539064e-08,0.0295784473419189
RNN_Twice,5.960464477539064e-08,5.960464477539064e-08,5.960464477539064e-08,5.960464477539064e-08,5.960464477539064e-08,5.960464477539064e-08,5.960464477539064e-08,5.960464477539064e-08,5.960464477539064e-08,5.960464477539064e-08,5.960464477539064e-08,5.960464477539064e-08,5.960464477539064e-08,7.49826431274414e-05,0.0018156766891479,3.1948089599609375e-05,5.960464477539064e-08,1.0,5.960464477539064e-08
UniTS,0.6720751523971558,0.2996123433113098,0.0007149577140808,0.5424043536186218,0.0482624173164367,0.5782062411308289,2.664327621459961e-05,1.132488250732422e-06,0.0219083428382873,0.0219083428382873,0.0012963414192199,2.562999725341797e-06,0.1484795808792114,0.6915188431739807,1.0073184967041016e-05,0.0001398921012878,0.0295784473419189,5.960464477539064e-08,1.0
