Compare,Bi,Conv,GRU_Att_1,GRU_Att_2,GRU_Att_3,GRU_Att_4,GRU_Linear,GRU_Reference,GRU_Third,GRU_Twice,LSTM_Linear,LSTM_Reference,LSTM_Third,LSTM_Twice,RNN_Linear,RNN_Reference,RNN_Third,RNN_Twice,UniTS
Bi,1.0,7.0,9.0,11.0,0.0,8.0,0.0,0.0,0.0,0.0,0.0,0.0,0.0,0.0,0.0,0.0,0.0,0.0,123.0
Conv,7.0,1.0,147.0,91.0,39.0,100.0,3.0,2.0,5.0,3.0,3.0,5.0,3.0,8.0,3.0,2.0,5.0,2.0,6.0
GRU_Att_1,9.0,147.0,1.0,89.0,13.0,104.0,3.0,3.0,2.0,6.0,4.0,4.0,4.0,6.0,3.0,3.0,2.0,5.0,0.0
GRU_Att_2,11.0,91.0,89.0,1.0,29.0,153.0,30.0,24.0,34.0,43.0,41.0,33.0,35.0,55.0,15.0,29.0,29.0,28.0,0.0
GRU_Att_3,0.0,39.0,13.0,29.0,1.0,109.0,104.0,112.0,103.0,121.0,125.0,116.0,122.0,130.0,98.0,103.0,102.0,108.0,0.0
GRU_Att_4,8.0,100.0,104.0,153.0,109.0,1.0,67.0,62.0,74.0,88.0,94.0,75.0,96.0,98.0,60.0,65.0,63.0,82.0,0.0
GRU_Linear,0.0,3.0,3.0,30.0,104.0,67.0,1.0,145.0,139.0,98.0,42.0,107.0,68.0,31.0,111.0,99.0,142.0,161.0,0.0
GRU_Reference,0.0,2.0,3.0,24.0,112.0,62.0,145.0,1.0,131.0,96.0,42.0,89.0,75.0,24.0,123.0,109.0,149.0,159.0,0.0
GRU_Third,0.0,5.0,2.0,34.0,103.0,74.0,139.0,131.0,1.0,123.0,58.0,136.0,109.0,31.0,84.0,76.0,109.0,140.0,0.0
GRU_Twice,0.0,3.0,6.0,43.0,121.0,88.0,98.0,96.0,123.0,1.0,100.0,150.0,129.0,60.0,73.0,54.0,88.0,114.0,0.0
LSTM_Linear,0.0,3.0,4.0,41.0,125.0,94.0,42.0,42.0,58.0,100.0,1.0,118.0,101.0,126.0,31.0,18.0,27.0,50.0,0.0
LSTM_Reference,0.0,5.0,4.0,33.0,116.0,75.0,107.0,89.0,136.0,150.0,118.0,1.0,135.0,66.0,74.0,84.0,98.0,116.0,0.0
LSTM_Third,0.0,3.0,4.0,35.0,122.0,96.0,68.0,75.0,109.0,129.0,101.0,135.0,1.0,93.0,52.0,35.0,65.0,71.0,0.0
LSTM_Twice,0.0,8.0,6.0,55.0,130.0,98.0,31.0,24.0,31.0,60.0,126.0,66.0,93.0,1.0,13.0,10.0,26.0,34.0,0.0
RNN_Linear,0.0,3.0,3.0,15.0,98.0,60.0,111.0,123.0,84.0,73.0,31.0,74.0,52.0,13.0,1.0,154.0,132.0,129.0,0.0
RNN_Reference,0.0,2.0,3.0,29.0,103.0,65.0,99.0,109.0,76.0,54.0,18.0,84.0,35.0,10.0,154.0,1.0,143.0,123.0,0.0
RNN_Third,0.0,5.0,2.0,29.0,102.0,63.0,142.0,149.0,109.0,88.0,27.0,98.0,65.0,26.0,132.0,143.0,1.0,140.0,0.0
RNN_Twice,0.0,2.0,5.0,28.0,108.0,82.0,161.0,159.0,140.0,114.0,50.0,116.0,71.0,34.0,129.0,123.0,140.0,1.0,0.0
UniTS,123.0,6.0,0.0,0.0,0.0,0.0,0.0,0.0,0.0,0.0,0.0,0.0,0.0,0.0,0.0,0.0,0.0,0.0,1.0
