Compare,Bi,Conv,GRU_Att_1,GRU_Att_2,GRU_Att_3,GRU_Att_4,GRU_Linear,GRU_Reference,GRU_Third,GRU_Twice,LSTM_Linear,LSTM_Reference,LSTM_Third,LSTM_Twice,RNN_Linear,RNN_Reference,RNN_Third,RNN_Twice,UniTS,actual
Bi,1.0,0.0,0.0,0.0,0.0,0.0,0.0,0.0,0.0,0.0,0.2676945566196003,0.0,0.0,0.0,5.1322761652035395e-207,0.0,0.0,0.0,0.0,0.0
Conv,0.0,1.0,0.0,0.0,0.0,0.0,0.0,0.0,0.0,0.0,0.0,0.0,0.0,0.0,0.0,0.0,0.0,0.0,0.0,1.484468606410327e-206
GRU_Att_1,0.0,0.0,1.0,5.136896178987583e-207,7.789514802638164e-127,0.0,0.0,0.0,0.0,0.0,0.0,0.0,0.0,0.0,0.0,0.0,0.0,0.0,9.42556793444877e-70,1.0482612369509663e-132
GRU_Att_2,0.0,0.0,5.136896178987583e-207,1.0,0.0379084265265709,0.0,0.0,0.0,0.0,0.0,0.0,0.0,0.0,0.0,0.0,0.0,0.0,0.0,1.007717179328137e-43,6.794439273678e-111
GRU_Att_3,0.0,0.0,7.789514802638164e-127,0.0379084265265709,1.0,0.0,0.0,0.0,0.0,0.0,0.0,0.0,0.0,0.0,0.0,0.0,0.0,0.0,3.289257965228676e-10,2.45838526206064e-64
GRU_Att_4,0.0,0.0,0.0,0.0,0.0,1.0,0.0,0.0,0.0,0.0,0.0,0.0,0.0,0.0,0.0,0.0,0.0,0.0,9.06214067136312e-115,0.0
GRU_Linear,0.0,0.0,0.0,0.0,0.0,0.0,1.0,0.0,0.0,0.0,0.0,0.0,0.0,0.0,0.0,0.0,0.0,0.0,0.0,0.0
GRU_Reference,0.0,0.0,0.0,0.0,0.0,0.0,0.0,1.0,7.19729361063638e-05,8.844915021211901e-05,0.0,0.2828670713042431,8.857457687863547e-05,8.857457687863547e-05,0.0,8.857457687863547e-05,0.0247360703063378,6.890035462623113e-05,0.0,0.0
GRU_Third,0.0,0.0,0.0,0.0,0.0,0.0,0.0,7.19729361063638e-05,1.0,0.0105152459358589,0.0,1.5106914547939518e-05,0.0384339302367817,0.2005629981489917,0.0,0.1952100693847548,4.615334228950801e-05,0.2325165092049408,0.0,0.0
GRU_Twice,0.0,0.0,0.0,0.0,0.0,0.0,0.0,8.844915021211901e-05,0.0105152459358589,1.0,0.0,0.199360302306317,0.0050620321262678,0.0050620321262678,0.0,0.0102820482219489,0.0013503718540674,0.0047257136405737,0.0,0.0
LSTM_Linear,0.2676945566196003,0.0,0.0,0.0,0.0,0.0,0.0,0.0,0.0,0.0,1.0,0.0,0.0,0.0,4.9574544117820105e-08,0.0,0.0,0.0,0.0,0.0
LSTM_Reference,0.0,0.0,0.0,0.0,0.0,0.0,0.0,0.2828670713042431,1.5106914547939518e-05,0.199360302306317,0.0,1.0,3.038560136157832e-07,0.0001625364386406,0.0,1.3155056904834278e-06,0.2276862002862125,0.0001121852831207,0.0,0.0
LSTM_Third,0.0,0.0,0.0,0.0,0.0,0.0,0.0,8.857457687863547e-05,0.0384339302367817,0.0050620321262678,0.0,3.038560136157832e-07,1.0,0.0412268333371636,0.0,0.0253473186774682,3.685152213042038e-05,0.0069564761353317,0.0,0.0
LSTM_Twice,0.0,0.0,0.0,0.0,0.0,0.0,0.0,8.857457687863547e-05,0.2005629981489917,0.0050620321262678,0.0,0.0001625364386406,0.0412268333371636,1.0,0.0,0.1961081860941872,4.626903730758841e-05,0.453508693501747,0.0,0.0
RNN_Linear,5.1322761652035395e-207,0.0,0.0,0.0,0.0,0.0,0.0,0.0,0.0,0.0,4.9574544117820105e-08,0.0,0.0,0.0,1.0,0.0,0.0,0.0,0.0,0.0
RNN_Reference,0.0,0.0,0.0,0.0,0.0,0.0,0.0,8.857457687863547e-05,0.1952100693847548,0.0102820482219489,0.0,1.3155056904834278e-06,0.0253473186774682,0.1961081860941872,0.0,1.0,4.557823451022578e-05,0.074810444264998,0.0,0.0
RNN_Third,0.0,0.0,0.0,0.0,0.0,0.0,0.0,0.0247360703063378,4.615334228950801e-05,0.0013503718540674,0.0,0.2276862002862125,3.685152213042038e-05,4.626903730758841e-05,0.0,4.557823451022578e-05,1.0,0.0001481273336938,0.0,0.0
RNN_Twice,0.0,0.0,0.0,0.0,0.0,0.0,0.0,6.890035462623113e-05,0.2325165092049408,0.0047257136405737,0.0,0.0001121852831207,0.0069564761353317,0.453508693501747,0.0,0.074810444264998,0.0001481273336938,1.0,0.0,0.0
UniTS,0.0,0.0,9.42556793444877e-70,1.007717179328137e-43,3.289257965228676e-10,9.06214067136312e-115,0.0,0.0,0.0,0.0,0.0,0.0,0.0,0.0,0.0,0.0,0.0,0.0,1.0,0.0
actual,0.0,1.484468606410327e-206,1.0482612369509663e-132,6.794439273678e-111,2.45838526206064e-64,0.0,0.0,0.0,0.0,0.0,0.0,0.0,0.0,0.0,0.0,0.0,0.0,0.0,0.0,1.0
